
-99.079917,19.465908 ARAGON 0.18000030517578125
-99.283330,19.436133 BOSQUEREAL 0.6999998092651367
-99.059703,19.383573 CCHOTE 1.3100004196166992
-99.140496,19.482562 CCHVALLEJO 0.7999992370605469
-99.134678,19.287818 COAPA 37.260000228881836
-99.291582,19.355342 CUAJIMALPA 3.780000686645508
-99.344314,19.370004 DOSRIOS 0.030000686645507812
-99.18187,19.32982 IIUNAM 5.829998970031738
-99.267414,19.522665 MADIN 4.560001373291016
-99.196129,19.403589 PREPA4 8.510000228881836
-99.137096,19.425079 SACMEX 1.5900001525878906
-99.194856,19.538833 TLALNE 5.129999160766602
-99.18924166,19.5035917 UAMAZC 1.9499988555908203
-99.276242,19.372083 VHERMOSA 4.049999237060547
