
-99.079917,19.465908 ARAGON 0.40000152587890625
-99.283330,19.436133 BOSQUEREAL 2.2899999618530273
-99.059703,19.383573 CCHOTE 2.7400007247924805
-99.140496,19.482562 CCHVALLEJO 1.3700008392333984
-99.134678,19.287818 COAPA 37.96999931335449
-99.291582,19.355342 CUAJIMALPA 3.780000686645508
-99.344314,19.370004 DOSRIOS 0.030000686645507812
-99.18187,19.32982 IIUNAM 8.289999008178711
-99.267414,19.522665 MADIN 4.5800018310546875
-99.196129,19.403589 PREPA4 8.850000381469727
-99.137096,19.425079 SACMEX 2.3199996948242188
-99.194856,19.538833 TLALNE 7.069999694824219
-99.18924166,19.5035917 UAMAZC 2.4599990844726562
-99.276242,19.372083 VHERMOSA 4.180000305175781
